000000000000
000000110010
000001100100
000010010111
000011001001
000011111011
000100101101
000101011110
000110010000
000111000001
000111110010
001000100010
001001010011
001010000010
001010110010
001011100001
001100010000
001100111110
001101101100
001110011001
001111000101
001111110001
010000011101
010001001000
010001110010
010010011011
010011000100
010011101100
010100010011
010100111010
010101011111
010110000100
010110101000
010111001011
010111101101
011000001111
011000101111
011001001111
011001101101
011010001010
011010100111
011011000010
011011011101
011011110110
011100001110
011100100101
011100111011
011101010000
011101100100
011101110111
011110001000
011110011001
011110101000
011110110110
011111000011
011111001110
011111011001
011111100010
011111101010
011111110001
011111110110
011111111010
011111111110
011111111111
011111111111
011111111111
011111111110
011111111010
011111110110
011111110001
011111101010
011111100010
011111011001
011111001110
011111000011
011110110110
011110101000
011110011001
011110001000
011101110111
011101100100
011101010000
011100111011
011100100101
011100001110
011011110110
011011011101
011011000010
011010100111
011010001010
011001101101
011001001111
011000101111
011000001111
010111101101
010111001011
010110101000
010110000100
010101011111
010100111010
010100010011
010011101100
010011000100
010010011011
010001110010
010001001000
010000011101
001111110001
001111000101
001110011001
001101101100
001100111110
001100010000
001011100001
001010110010
001010000010
001001010011
001000100010
000111110010
000111000001
000110010000
000101011110
000100101101
000011111011
000011001001
000010010111
000001100100
000000110010
000000000000
111111001110
111110011100
111101101001
111100110111
111100000101
111011010011
111010100010
111001110000
111000111111
111000001110
110111011110
110110101101
110101111110
110101001110
110100011111
110011110000
110011000010
110010010100
110001100111
110000111011
110000001111
101111100011
101110111000
101110001110
101101100101
101100111100
101100010100
101011101101
101011000110
101010100001
101001111100
101001011000
101000110101
101000010011
100111110001
100111010001
100110110001
100110010011
100101110110
100101011001
100100111110
100100100011
100100001010
100011110010
100011011011
100011000101
100010110000
100010011100
100010001001
100001111000
100001100111
100001011000
100001001010
100000111101
100000110010
100000100111
100000011110
100000010110
100000001111
100000001010
100000000110
100000000010
100000000001
100000000000
100000000001
100000000010
100000000110
100000001010
100000001111
100000010110
100000011110
100000100111
100000110010
100000111101
100001001010
100001011000
100001100111
100001111000
100010001001
100010011100
100010110000
100011000101
100011011011
100011110010
100100001010
100100100011
100100111110
100101011001
100101110110
100110010011
100110110001
100111010001
100111110001
101000010011
101000110101
101001011000
101001111100
101010100001
101011000110
101011101101
101100010100
101100111100
101101100101
101110001110
101110111000
101111100011
110000001111
110000111011
110001100111
110010010100
110011000010
110011110000
110100011111
110101001110
110101111110
110110101101
110111011110
111000001110
111000111111
111001110000
111010100010
111011010011
111100000101
111100110111
111101101001
111110011100
111111001110
